# This is the file header# problem=SEAS Benchmark BP5-QD
# code=Thrase
# modeler=B. A. Erickson
# date=2023/01/09
# element size=1000 m
#location=on fault, 0km along strike, 8km away from the fault, 0km depth# minimum_time_step=0.1
# maximum_time_step=3.157e6
# num_time_steps=2400
# Column #1 = Time(s)
# Column #2 = Slip_2(m)
# Column #3 = Slip_3(m)
# Column #4 = Slip_rate_2(log10 m/s)
# Column #5 = Slip_rate_3(log10 m/s)
# Column #6 = Shear_stress_2 (MPa)
# Column #7 = Shear_stress_3 (MPa)
# Column #8 = State (log10 s)
t slip_2 slip_3 slip_rate_2 slip_rate_3 shear_stress_2 shear_stress_3 state
# Here is the time-series data.
0.0	0.0	0.0	-9.0	-20.0	13.273061180257438	1.3273061180257436e-10	8.146128033000423
0.23851611911521686	2.3852129869921715e-10	6.6484389860468e-17	-8.999981058879756	-15.253288250605584	13.273104793796819	7.407392057156131e-6	8.146128033000405
2.490472501138389	2.491089577932159e-9	7.893822427579703e-15	-8.999772153637338	-14.172601777754481	13.273585815617862	8.915765511506142e-5	8.146128032998506
7.648313806593793	7.656369954029801e-9	1.029534353200767e-13	-8.998797760713783	-13.448797449389227	13.275829430758543	0.0004710445411901926	8.146128032975426
13.111287565012173	1.315542550252519e-8	5.651403624780146e-13	-8.994067863279746	-12.752948301776728	13.286720243180644	0.002314927277440706	8.146128032863496
15.170072163698343	1.5256656932618687e-8	1.107376223682935e-12	-8.987280084350491	-12.421175221185205	13.302349034086273	0.004898162646709287	8.14612803273182
16.291462008649557	1.641866728327225e-8	1.6245456177142177e-12	-8.98177977639077	-12.265449812873507	13.315013127551566	0.006929015972804284	8.146128032605809
17.341915061242023	1.752105672458394e-8	2.2794195195286358e-12	-8.976270418945864	-12.152984860050381	13.327697827517934	0.008872391488391215	8.146128032444697
18.354276109308266	1.859741308021828e-8	3.075236367242686e-12	-8.970411166303666	-12.06130323625492	13.341187926512426	0.010821872971292935	8.146128032246176
19.34423757220201	1.9665066167096326e-8	4.0235049893449016e-12	-8.963848406404486	-11.98001718208777	13.356297564608427	0.012868185430074083	8.146128032005167
20.311518958225044	2.0725262576788392e-8	5.1313270206277475e-12	-8.956314834849547	-11.905019692451804	13.373642153252563	0.015050289044187972	8.146128031716934
21.25453706270602	2.177833020301622e-8	6.406084448761804e-12	-8.947585968580352	-11.835059942606401	13.393738540882566	0.017355128867428585	8.146128031375547
22.16968892899189	2.2822664489973746e-8	7.851937871949441e-12	-8.93745771763537	-11.769435317940923	13.417056644895538	0.019755119131632068	8.146128030974806
23.060525115346486	2.3865165472950225e-8	9.480143147338431e-12	-8.925678775623918	-11.708448342257368	13.444175200292445	0.0221699440346036	8.146128030504322
23.92570084733376	2.4907741743310703e-8	1.129022745987165e-11	-8.911962785050406	-11.652193097105803	13.47575372116663	0.024508839810927194	8.146128029954003
24.771160790950304	2.5962078828249588e-8	1.3291775005132278e-11	-8.895837203488274	-11.601103987772682	13.512880567152742	0.026636745054469637	8.146128029306036
25.599511254401754	2.7037712512222506e-8	1.5480964499489942e-11	-8.876749159301761	-11.556958193762561	13.55682934268284	0.028310601364182193	8.14612802853893
26.41221609461813	2.8145066624650822e-8	1.783500150337857e-11	-8.853914206704047	-11.522196725264417	13.609407095904654	0.029211690236071987	8.14612802762489
27.212639750287533	2.9300726136271773e-8	2.03056596926333e-11	-8.82628261429968	-11.503376695206626	13.673032201544459	0.028758799678526296	8.146128026522904
27.906583334640654	3.037120430320024e-8	2.249432958155618e-11	-8.796898468188356	-11.510607562734048	13.740695920134879	0.02656437695117922	8.146128025354846
28.498272102998374	3.1348890053215986e-8	2.426586337907606e-11	-8.766694759137303	-11.55336031274873	13.810249230120483	0.02257022885151347	8.14612802415744
29.02057319196854	3.227570381176337e-8	2.5604264314337525e-11	-8.735054310563745	-11.6576213443532	13.883111960196574	0.01659280434638248	8.146128022902595
29.507103803184258	3.32076043334797e-8	2.6457061534621882e-11	-8.700364675848693	-11.941336342526462	13.962994859107901	0.008016908215442799	8.146128021521012
29.973272903711848	3.4179669582152744e-8	2.662678822849432e-11	-8.661311151185075	-12.199641813651741	14.052920510590926	-0.00406851505367829	8.14612801995167
30.426814834842492	3.5221194077426624e-8	2.574140849738561e-11	-8.616620952647887	-11.44673652710675	14.155809657302276	-0.020932405531840816	8.146128018127685
30.872133897399912	3.636388922997085e-8	2.31669410447519e-11	-8.565035356561495	-11.0748138646037	14.274540812774418	-0.04413505159245972	8.146128015964344
31.314370384259483	3.765401165745636e-8	1.784530039103227e-11	-8.505517645854708	-10.789345260658346	14.411467390399025	-0.07496880505324156	8.146128013334078
31.759729133214393	3.9159734555075245e-8	8.03245246770379e-12	-8.437404427520883	-10.542955292526685	14.568068097057392	-0.11424865548494478	8.146128010044619
32.21308796509864	4.0972069377784275e-8	-9.082642046692506e-12	-8.360617173449839	-10.318809138546246	14.744461405437704	-0.1623442637423554	8.146128005828682
32.67714646115818	4.3207693874211095e-8	-3.786421957882917e-11	-8.276096210822676	-10.110297959183834	14.938415814250305	-0.2188279518808836	8.146128000332522
33.153168327437335	4.6013972635187025e-8	-8.475996322152168e-11	-8.186102134437492	-9.916013228731604	15.144677182371971	-0.28206482211485673	8.146127993102604
33.643455359551396	4.9582102159620374e-8	-1.5892561106657986e-10	-8.093964135476423	-9.73713728511477	15.35557393905572	-0.3492150112562299	8.14612798355242
34.152662637046085	5.415835427977114e-8	-2.728095431266739e-10	-8.003386276170367	-9.575374398368742	15.56262312182098	-0.4169602727519379	8.146127970931621
34.6894280060033	6.007010528584262e-8	-4.4326323867915085e-10	-7.917381354722809	-9.43130754626052	15.758963088161256	-0.48261570098526524	8.146127954250227
35.255958425395534	6.759614638925152e-8	-6.875520020605089e-10	-7.8399127387406455	-9.307956440638932	15.935611257698072	-0.5424066743143495	8.146127932648797
35.85019444147534	7.689889912119043e-8	-1.0183460477739522e-9	-7.774476698992393	-9.208079731615648	16.084695947766036	-0.5926657403626364	8.14612790561583
36.33854931339175	8.552814045498409e-8	-1.3442923882536327e-9	-7.732516674657027	-9.146067774349282	16.180251357535095	-0.6243586951771303	8.146127880342867
36.73737349727263	9.315639183715876e-8	-1.6430613523967888e-9	-7.705066019517574	-9.106459468556823	16.242759247469134	-0.6445644636180352	8.146127857898293
37.118729043756396	1.0086652952918537e-7	-1.9522995969303983e-9	-7.683932238589775	-9.076546622146772	16.29088730651109	-0.6596755014501128	8.146127835144423
37.50168704885989	1.0894850729563049e-7	-2.2821304280801985e-9	-7.666991200826775	-9.053004035984507	16.32947617717314	-0.6713661157266074	8.1461278112404
37.896795961876165	1.1758967727316883e-7	-2.6395421841232877e-9	-7.653297661922075	-9.034294535545438	16.360677180121137	-0.6804628218708898	8.146127785637345
38.26576577298347	1.258903771675857e-7	-2.9862696897748546e-9	-7.643100537513213	-9.02062998061788	16.383922789116603	-0.6868919861058679	8.146127761009843
38.62607045499751	1.3416599209091195e-7	-3.3343133512014162e-9	-7.6351226008995585	-9.010120680608718	16.40211805604535	-0.6916746416304149	8.146127736433042
38.98367238597704	1.4251617659954597e-7	-3.687272085448443e-9	-7.628651827583525	-9.001738421868486	16.416883300150243	-0.6953510530931875	8.146127711616096
39.340129750847424	1.5095338084320602e-7	-4.0452906915215576e-9	-7.6232496964419925	-8.994852594382053	16.429216257758455	-0.6982548297159774	8.14612768652523
39.69509490737595	1.5945218724321985e-7	-4.407019732236567e-9	-7.618630083193278	-8.98905473500575	16.43976793730853	-0.7006014486158016	8.146127661238324
40.04772002651668	1.6797906068457412e-7	-4.770827694731772e-9	-7.614598671955687	-8.984070332942819	16.448980549175356	-0.7025339656451179	8.146127635856894
