# This is the file header# problem=SEAS Benchmark BP5-QD
# code=Thrase
# modeler=B. A. Erickson
# date=2023/01/09
# element size=1000 m
#location=on fault, 0km along strike, 8km away from the fault, 0km depth# minimum_time_step=0.1
# maximum_time_step=3.157e6
# num_time_steps=2400
# Column #1 = Time(s)
# Column #2 = Slip_2(m)
# Column #3 = Slip_3(m)
# Column #4 = Slip_rate_2(log10 m/s)
# Column #5 = Slip_rate_3(log10 m/s)
# Column #6 = Shear_stress_2 (MPa)
# Column #7 = Shear_stress_3 (MPa)
# Column #8 = State (log10 s)
t slip_2 slip_3 slip_rate_2 slip_rate_3 shear_stress_2 shear_stress_3 state
# Here is the time-series data.
0.0	0.0	0.0	-1.5228787452803376	-20.0	21.21171172530103	1.9490040931338383e-10	8.14612803300041
0.3827336644196473	0.006048110658714242	-6.057361794057079e-10	-1.7789782222839168	-8.482305175253549	21.194777070419253	-4.196641780194106e-6	8.125922949039321
5.113280708485159	0.15958797717957934	-3.2205598532980054e-7	-1.2575532838380417	-6.682704911956895	20.607672990054873	-7.742430686782146e-5	7.612988232827536
11.897335389231328	1.2324490438410247	-1.647404341225638e-5	-0.4314418578031413	-5.01964176761893	16.06521973182145	-0.00041465486022247873	4.028870297088361
14.817832009002364	3.013688707812273	7.136631825484911e-6	-0.15727941755764271	-3.9069338798995097	9.476757908449853	0.0016865737009690341	-0.6954301779627886
16.016098701724655	3.6847596345983273	0.0003079146938698026	-0.3456820960252549	-3.430170182321016	8.558727222913442	0.007045650542758489	-0.5457509898603177
17.22950667678437	4.133033214840786	0.0008725729169515059	-0.5247022928374391	-3.272868923666051	8.094419103114143	0.014455031958562028	-0.3826278833653495
18.44917136398714	4.435250568779099	0.0015729990543237836	-0.6894095581953349	-3.2184957620018606	7.8797557774122975	0.023303789757352873	-0.23246260592202295
19.628118862986405	4.640103731476168	0.0022935209580712524	-0.8310824671476501	-3.2163190114742086	7.805594669635763	0.03214914674997429	-0.10410721320455872
20.72046212794705	4.7821743321744234	0.002941315406958201	-0.9382990492246213	-3.238972651697106	7.807795421547921	0.039071026642239805	-0.002088408770200484
21.791657976201577	4.894440443205289	0.0035417473028276684	-1.0186811092515837	-3.264442415877862	7.8410130559521924	0.04452571174141803	0.08003418230456164
22.784144726922786	4.9830150918664495	0.004064005013924531	-1.079529795760079	-3.2953479353419057	7.877544504083655	0.04792617020934234	0.14284734029841992
23.770435426989017	5.060002630640422	0.004539756062007568	-1.1362513004781403	-3.341310654498995	7.91141532572391	0.04933950978891663	0.19732842530149505
24.70288844390474	5.123990686860739	0.004937294547993401	-1.192063750976846	-3.4030377010901227	7.941055569686085	0.04885446761849011	0.245529786872692
25.622280168418435	5.179238285102222	0.005270493267553457	-1.251923222586838	-3.4829942463745702	7.9701883250301915	0.046816350892909184	0.2925294800803364
26.52475245898455	5.226250645064646	0.005537200044921615	-1.3162458163198614	-3.580909811533837	8.00087458426135	0.04349841852555024	0.33950295355090787
27.387551386537304	5.264910798434762	0.0057373567046805785	-1.3826301041702136	-3.6938872713407633	8.033549351951324	0.03923288983960431	0.38558774360284104
28.26220839594573	5.298358845009683	0.005889950189652165	-1.453851130966381	-3.830142465945607	8.07059386390185	0.03393236718559222	0.4333036741135374
29.087839329636335	5.325190155480539	0.00599342740707117	-1.5237756750881961	-3.982336575445331	8.10897316467479	0.028210121901843896	0.4788434551737241
29.925690597139393	5.3482818540152675	0.006065023621899931	-1.5971101688890381	-4.16635564007931	8.150496174929986	0.021975490464726084	0.5251108073257554
30.74845192381308	5.367406359656742	0.006109347199596794	-1.6718642365537641	-4.389008936825996	8.192830859501221	0.01571409190056506	0.5702914644947447
31.548333313387264	5.383037467812621	0.00613366322812425	-1.7480128016136705	-4.677737803888466	8.234628894912293	0.009680973461301918	0.6138109114169641
32.3619880678412	5.3962887286529	0.006144544928460764	-1.830810551998264	-5.177500568040407	8.276875957061483	0.003725430197784844	0.6576149401514446
33.14780017697689	5.4068077587613645	0.006145876643205231	-1.9190807413197735	-5.59288685514547	8.316393283752175	-0.001762499105229071	0.6995381304662686
33.979730807341284	5.415715113724576	0.006141169274246257	-2.0267860621385494	-5.090978257142649	8.35557860734907	-0.007207494743144101	0.743677339540803
34.94637461681009	5.423434542726062	0.006131959076351353	-2.178263965886046	-4.987321490455097	8.396245680085292	-0.013032496389738857	0.7948405038287779
36.30785223982695	5.430246499869845	0.006118656640123528	-2.44785749408311	-5.062642756586322	8.443255379086732	-0.020498621804299174	0.8662309639546274
38.59586180845029	5.434923872768976	0.006104773474353416	-2.9982267235957463	-5.421524446216826	8.498649168208182	-0.03206654569425724	0.9785696951503127
43.4495122848197	5.436706487020351	0.0060963067079054765	-3.972489011423036	-6.118531303247477	8.590486031143588	-0.06137273028487789	1.1641446731616272
49.11661470721976	5.437050386703183	0.006092844375809001	-4.306184226385902	-6.120435266736177	8.77298267464939	-0.13455388177572833	1.3149319099709411
52.72386647639589	5.437351145758184	0.006086480818648996	-3.7817767486487153	-5.372969899799151	9.020009339695779	-0.23121384508384304	1.3888496216151205
56.86608207450608	5.445320050248318	0.005790066461954298	-2.0762531388823255	-3.476271014483395	9.527341133947044	-0.379274670871526	1.4358076668341921
62.43610233959048	5.580074949746672	0.0001299299468605347	-1.590018061475361	-2.976883955192298	9.174383320966978	-0.3764531955243087	1.1202889018601143
71.27204286133568	5.667862916152444	-0.0033635094086505125	-2.8389140249012286	-4.246530686350689	8.854226144866388	-0.3463649587437322	1.165876205667681
87.95412240261189	5.672069965707507	-0.003528956241329956	-4.910227630308947	-6.311087169223667	8.957250216509062	-0.3558894936982046	1.5057283079628565
124.02607340384834	5.672137207577556	-0.0035316237073935303	-7.128350259439085	-8.535788671067687	9.041923578433321	-0.3538526239952141	1.8504584569649098
208.80599706931562	5.672138084486998	-0.003531657806780704	-9.480915056860363	-10.903573647650187	9.1214879118502	-0.3446728665924644	2.2099711070533163
420.4200458878233	5.672138093365075	-0.003531658139261819	-11.979829441502124	-13.423700660863636	9.204881451559142	-0.3312432066880184	2.591133888104193
967.891898759917	5.672138093433307	-0.0035316581416901553	-14.579100777803168	-16.049868886493456	9.29767507411268	-0.31448957682359174	2.991069680965409
2411.6483400948077	5.6721380934337455	-0.003531658141704803	-17.218497197555557	-18.722038442368948	9.403524185718702	-0.2949506795395849	3.4038856715461443
6264.131327025841	5.672138093433748	-0.0035316581417048857	-19.85332482718417	-21.394678538186906	9.524735385050663	-0.27384146403582327	3.82499016665407
16462.8070989379	5.672138093433748	-0.003531658141704886	-22.427204703945165	-24.011061324743256	9.661767249960171	-0.25188363402351654	4.247149869816652
41706.14399985925	5.672138093433748	-0.003531658141704886	-24.82434192423446	-26.453343947283162	9.809142996952328	-0.2304777696766568	4.651777931292315
102803.78873182417	5.672138093433748	-0.003531658141704886	-27.076215892337345	-28.752435965165247	9.968371308572312	-0.21008939657709566	5.043947688073638
242970.96020752913	5.672138093433748	-0.003531658141704886	-29.14580634045171	-30.869317394383945	10.137564052937009	-0.19161193530579343	5.417634898831187
549211.1260524673	5.672138093433748	-0.003531658141704886	-31.023579299087274	-32.793171984624394	10.317263675711061	-0.17537667998893186	5.771877909417645
1.1860389327800812e6	5.672138093433748	-0.003531658141704886	-32.70315105493756	-34.51617120276168	10.50823425069862	-0.16162539442895635	6.106262264613851
2.446130664885928e6	5.672138093433748	-0.003531658141704886	-34.17855523702971	-36.03100596552001	10.711629464721693	-0.15045437215511825	6.420653965564877
4.798193866474532e6	5.672138093433748	-0.003531658141704886	-35.433307934299684	-37.31875682492952	10.928149043696935	-0.14226488556887593	6.713257181180524
8.984869293459747e6	5.672138093433748	-0.003531658141704886	-36.4652958260948	-38.37492264282668	11.161085119867472	-0.13742938516927702	6.985693615906029
1.6058140072225818e7	5.672138093433748	-0.003531658141704886	-37.29240898840014	-39.21537677797369	11.406175353822567	-0.13619847799065374	7.237878338656214
2.779883726419927e7	5.672138093433748	-0.003531658141704886	-37.990142157030526	-39.912612651722924	11.657081461268632	-0.13935396712139317	7.476210396304504
4.696483276438862e7	5.672138093433748	-0.003531658141704886	-38.62019482810892	-40.53322329037142	11.905255565462483	-0.1454488394794287	7.703956918802236
7.833243305280805e7	5.672138093433748	-0.003531658141704886	-39.21948575725262	-41.12140849953215	12.150870572855803	-0.15229465192533273	7.926125971859706
1.3445741897640222e8	5.672138093433748	-0.003531658141704886	-39.85044419561717	-41.74331960044021	12.410740081793554	-0.1588262475990094	8.160769261144665
2.538160099748016e8	5.672138093433748	-0.003531658141704886	-40.56218289548625	-42.45492215886594	12.723351645547922	-0.1628779396116066	8.436703588756648
5.448578339450046e8	5.672138093433748	-0.003531658141704886	-41.13691177732072	-43.040723124278614	13.163969057422287	-0.16427652437280527	8.768467814913372
1.0577393551466463e9	5.672138093433748	-0.003531658141704886	-40.73823928455885	-42.65339053440419	13.753298280210487	-0.16720744556176667	9.056563305109146
1.5607762437706482e9	5.672138093433748	-0.003531658141704886	-39.44567972906862	-41.36271988059639	14.342673706559118	-0.1736160882425424	9.22552530094369
1.9411555997170384e9	5.672138093433748	-0.003531658141704886	-37.96138992627298	-39.86695247959661	14.847923547832586	-0.18454537661875742	9.320245009482377
2.277568845016409e9	5.672138093433748	-0.003531658141704886	-36.22437254096979	-38.11623942179042	15.367638512437166	-0.1971243414234998	9.389656177230549
2.562059688540603e9	5.672138093433748	-0.003531658141704886	-34.290136673490956	-36.181218076519784	15.901241368219093	-0.20433822985477768	9.440773909287532
2.813211941708065e9	5.672138093433748	-0.003531658141704886	-32.39041625044748	-34.27549936635599	16.40872507927104	-0.213792134236056	9.481387119783843
3.0555228544694366e9	5.672138093433748	-0.003531658141704886	-30.325609709422583	-32.206088141643065	16.946055999673177	-0.22314656453073964	9.517270205245055
3.296777845884695e9	5.672138093433748	-0.003531658141704886	-27.829631944342612	-29.712407214339954	17.577733441641175	-0.23024361972362184	9.550274352940125
3.5250064384072556e9	5.672138093433748	-0.003531658141704886	-25.36792737458487	-27.246818823505123	18.19468344423357	-0.24046565442489076	9.579344585283039
3.766076570473724e9	5.672138093433749	-0.003531658141704907	-22.303967232346142	-24.180285953238304	18.949714408820554	-0.2519323560715026	9.608073817212999
4.004011679965716e9	5.672138093438032	-0.0035316581417571442	-18.822623213345675	-20.7437000214789	19.79752005246761	-0.2374291202925029	9.634680007892365
4.232581538752939e9	5.672138110759306	-0.003531658322133854	-15.169928935015328	-17.16163110426737	20.680567787042392	-0.21079499204756788	9.658789948656585
4.455152703052635e9	5.672431871817968	-0.0035341620568206038	-10.873500117360487	-12.951273704762748	21.706921484977933	-0.18147827728155597	9.680070624678574
4.666793435822582e9	5.767270960164665	-0.004219693579857737	-9.101404655892038	-11.275281287163425	21.612942935315917	-0.14482291193250094	9.38921448511466
4.87887127207233e9	5.944741314250482	-0.005297247861230801	-9.088828423511151	-11.351011775102045	20.728296175281603	-0.11333922895772694	8.875173610419148
5.081705044540148e9	6.0999178291131555	-0.006044624063870874	-9.135014521899992	-11.534046038465522	20.15939233724271	-0.08043515823351362	8.551816591022925
5.274579800604218e9	6.230394829677776	-0.0064482994999019395	-9.199840086560211	-11.861272141711341	19.918940858785167	-0.04343443604648567	8.421159158619924
5.461249103476255e9	6.350849321848119	-0.0066105149901878315	-9.173707322338593	-12.296496813014802	19.838326236008896	-0.014952559428076152	8.37097010469025
5.6367751401101465e9	6.474260158725059	-0.0066575301173515625	-9.134644181452732	-13.927099988388587	19.769972586384693	-0.00031882345233878	8.326177623517925
5.807340295266275e9	6.597591537259621	-0.006634548825161154	-9.143525887354457	-12.672748645697856	19.727715724772043	0.00583249053640455	8.302893117162029
5.963231206035211e9	6.7081411166420715	-0.0065923222415504475	-9.151518970408596	-12.477028979441899	19.719610510297358	0.009319407964522073	8.29926623369623
6.120743930860401e9	6.8303901281247	-0.00652906991025689	-9.062631100926982	-12.301462837985067	19.688175877650256	0.011359879988062782	8.269212620051228
6.265260503604933e9	6.960936508993831	-0.006445291550713634	-9.044589612441245	-12.221590593223391	19.607237684612357	0.013044139440778348	8.219939685606185
6.407878653661614e9	7.069449700632335	-0.006373192175575776	-9.221373562195843	-12.408234773013408	19.624713146723067	0.012762686651090038	8.253630099904958
6.552205167243175e9	7.145669093625022	-0.006326109006249981	-9.28749087006808	-12.513509661570424	19.756985373510364	0.011740913456395037	8.339038824476306
6.702827757822491e9	7.258757389239663	-0.0062572506465060325	-8.886419302918675	-12.073174946491635	19.75522853471041	0.012850689035223885	8.284545697692442
6.78150054729007e9	7.517068401511442	-0.006048499719678034	-7.883748239341065	-10.902628612067138	19.004172798286223	0.018195692881746755	7.715952982104221
6.7880976650429535e9	7.74167641406857	-0.005808597992491047	-6.814887781731775	-9.746889837468924	18.12860996573996	0.02120129795818227	7.066437194557428
