# This is the file header# problem=SEAS Benchmark BP5-QD
# code=Thrase
# modeler=B. A. Erickson
# date=2023/01/09
# element size=1000 m
#location=on fault, 0km along strike, 8km away from the fault, 0km depth# minimum_time_step=0.1
# maximum_time_step=3.157e6
# num_time_steps=2400
# Column #1 = Time(s)
# Column #2 = Slip_2(m)
# Column #3 = Slip_3(m)
# Column #4 = Slip_rate_2(log10 m/s)
# Column #5 = Slip_rate_3(log10 m/s)
# Column #6 = Shear_stress_2 (MPa)
# Column #7 = Shear_stress_3 (MPa)
# Column #8 = State (log10 s)
t slip_2 slip_3 slip_rate_2 slip_rate_3 shear_stress_2 shear_stress_3 state
# Here is the time-series data.
0.0	0.0	0.0	-9.0	-20.0	19.490040931338385	1.9490040931338383e-10	8.14612803300041
0.3827336644196473	4.186777206442675e-10	-1.6537228104070265e-15	-8.922773608725343	-14.036246036692884	19.507822965366042	-0.0001502229816656722	8.14612803288891
5.113280708485159	3.449378173968899e-8	-3.167886078713409e-12	-7.540251877890199	-11.430789197693636	19.826160167440282	-0.0025509461482963215	8.146127941859058
11.897335389231328	0.051886738481592955	-2.7080368371230683e-5	-1.0791001656918442	-4.320573781634875	21.42136938145179	-0.012284956248536866	7.985170018413445
14.817832009002364	0.8025777445569094	-0.0008517120451925704	-0.2757870033367928	-3.0618506455073926	19.64991501456205	-0.03215859262634782	5.656447655416655
16.016098701724655	1.6307206213379952	-0.0027713551841407153	-0.07781622116070495	-2.588976336090527	16.67431074114446	-0.05139108368791963	3.0875179485590953
17.22950667678437	2.744534081370828	-0.0074262815679948324	-0.023329784770059925	-2.3102766325972386	11.457250444705274	-0.05917435851772939	-0.2399404643063814
18.44917136398714	3.6189445773704776	-0.012535646458717818	-0.27523480325614214	-2.480141868717554	8.82049076436313	-0.05502824777532413	-0.6162529798623226
19.628118862986405	4.1594045300308125	-0.015548016802763355	-0.39975542388759155	-2.7405928793183296	8.405269444183848	-0.038345480531882324	-0.48593429105087604
20.72046212794705	4.5459241490886795	-0.01689958241000095	-0.5034066923147352	-3.1388011252920145	8.160410160242462	-0.018893723479842486	-0.3874551055477331
21.791657976201577	4.847667975489377	-0.01727803197546968	-0.597713106532234	-4.469263399037466	8.009282982835407	-0.0010765726583247457	-0.2984071546615279
22.784144726922786	5.075610671048059	-0.017100365109334735	-0.680998816212764	-3.4478425118240943	7.919758511816532	0.013547783373230622	-0.22113776686211759
23.770435426989017	5.263093106471222	-0.0166375827537347	-0.7622256216052385	-3.2565335435758387	7.863815120464755	0.02519563873526975	-0.14746944023894484
24.70288844390474	5.410920781450017	-0.01608701570749034	-0.8386091711214753	-3.2146923024559197	7.834331078853378	0.03295480829115844	-0.07967355449973011
25.622280168418435	5.533330415178728	-0.01553268020108231	-0.9138513125058504	-3.2318809200200596	7.823339678961618	0.03761513108470667	-0.014225032977387819
26.52475245898455	5.634527640801163	-0.015030768686106427	-0.9877307506250909	-3.2828041614014443	7.826860618652724	0.03967474911561045	0.048750780384208894
27.387551386537304	5.716445869333986	-0.014614534099887548	-1.0582374665148326	-3.354753819346722	7.841190693407606	0.03961554755070313	0.1077281476882499
28.26220839594573	5.787005411994913	-0.014265519934332796	-1.1291708093824413	-3.4483320271831146	7.864750603419447	0.037715835911435056	0.16611168517596478
29.087839329636335	5.843874437179791	-0.014004135210401513	-1.1953991755547169	-3.556156354834106	7.893536725502086	0.03439651593873611	0.21973333130405906
29.925690597139393	5.8933850362603355	-0.013802207752184131	-1.2624951322959008	-3.686835849464631	7.927259633390317	0.029838869512703956	0.27264124312787036
30.74845192381308	5.935052683742875	-0.013658842302793467	-1.3296882421813574	-3.839888965823763	7.963174646319404	0.024597191200096284	0.32336046575754224
31.548333313387264	5.969726745160582	-0.013563555228638913	-1.397870839361566	-4.020650917355611	7.9998377506917056	0.01906782251892034	0.37188432544100497
32.3619880678412	5.999680044217029	-0.013502915482630728	-1.4722812302410901	-4.256890407903632	8.03821465771	0.013199285478567411	0.4208904924476655
33.14780017697689	6.02391744545995	-0.013471621313581646	-1.552341447227048	-4.589587921297223	8.075538805023834	0.00741182291149379	0.4683695290886466
33.979730807341284	6.044834605958636	-0.013460143396063304	-1.6519167492268096	-5.473517142975952	8.114255021496053	0.0012236247680720111	0.5194438894273167
34.94637461681009	6.063270961156026	-0.013465147688419372	-1.7977671343810537	-4.925054159661933	8.157057719471986	-0.006084802830798338	0.5807027451622235
36.30785223982695	6.079521513066241	-0.013486705589313858	-2.0800768297772425	-4.7658339797438	8.212123955918264	-0.016931613496580074	0.6706294982558688
38.59586180845029	6.089644249471997	-0.013516666043348613	-2.7299744578886487	-5.078691679182568	8.287902882115961	-0.037130212270604944	0.8184832033255363
43.4495122848197	6.092543639823345	-0.013534901037592162	-3.7961184678649365	-5.742337606869812	8.43739268046624	-0.09549686680037203	1.0520192820884005
49.11661470721976	6.093535697909665	-0.01355579399263439	-3.306446789393217	-4.833865416600079	8.84923095831627	-0.2627162296873494	1.2262368259186383
52.72386647639589	6.1247484921445166	-0.01483725346160764	-1.5305064707290597	-2.8948827997707722	9.372967089142168	-0.4050426568089372	1.2178113894097615
56.86608207450608	6.325425935071661	-0.023359388415874253	-1.2992893632495972	-2.7050161141224356	8.769764529989603	-0.34455708275689606	0.7810313978076393
62.43610233959048	6.474360273608284	-0.028673084895795363	-2.104304043419173	-3.6073220569727837	8.392668331043478	-0.26356154642059687	0.7819609120303711
71.27204286133568	6.489705285099384	-0.029141505188923594	-3.9911158052552635	-5.537766756786315	8.55517734493791	-0.24298421710018328	1.1480431926393013
87.95412240261189	6.48998075645386	-0.02914917626949248	-6.132218743126479	-7.717145035325312	8.648073059818692	-0.22490186545920168	1.4872863397939065
124.02607340384834	6.489984772925029	-0.029149278870606383	-8.364273587934443	-9.983620897139623	8.717139119437718	-0.20942410488660648	1.8246552125881341
208.80599706931562	6.489984823052852	-0.02914928005671697	-10.75888241522706	-12.409553517067389	8.780752509662317	-0.19627303345004102	2.180588144769246
420.4200458878233	6.489984823508236	-0.029149280066755684	-13.325393708917295	-15.007735141950148	8.845493514957033	-0.18381486745048808	2.560116244756726
967.891898759917	6.489984823511205	-0.029149280066816514	-16.013829548713733	-17.73185548506774	8.916183792395106	-0.17066838379845628	2.9593500498319734
2411.6483400948077	6.489984823511219	-0.029149280066816805	-18.772799256164006	-20.527387368971194	8.993561176602219	-0.1582499496035938	3.371880804500021
6264.131327025841	6.489984823511219	-0.029149280066816805	-21.57047645093455	-23.358221628078038	9.076585046016913	-0.14797123690455966	3.792873682797521
16462.8070989379	6.489984823511219	-0.029149280066816805	-24.33960100980364	-26.16536776044331	9.168122682079805	-0.13693474755042095	4.214990987867801
41706.14399985925	6.489984823511219	-0.029149280066816805	-26.958238874608277	-28.822183266453447	9.264054015273082	-0.1267233621240504	4.619603410970451
102803.78873182417	6.489984823511219	-0.029149280066816805	-29.45348015872232	-31.35853030464248	9.366886105623005	-0.116558806983856	5.011767124328458
242970.96020752913	6.489984823511219	-0.029149280066816805	-31.785128387954618	-33.732430878147376	9.475455039662993	-0.10697876626246455	5.385451957957203
549211.1260524673	6.489984823511219	-0.029149280066816805	-33.943389417621646	-35.9336678541615	9.590352677196574	-0.09807450881586599	5.739693996825211
1.1860389327800812e6	6.489984823511219	-0.029149280066816805	-35.92187226069663	-37.954851337342284	9.712334119991864	-0.09002114608697562	6.074077938141885
2.446130664885928e6	6.489984823511219	-0.029149280066816805	-37.71540744674132	-39.789485354889145	9.84235886985129	-0.08298914456369519	6.388469455236602
4.798193866474532e6	6.489984823511219	-0.029149280066816805	-39.30890197230091	-41.42046634164979	9.980801668309963	-0.07719711252499618	6.681072586025911
8.984869293459747e6	6.489984823511219	-0.029149280066816805	-40.707011684420735	-42.85048289067329	10.12939254336444	-0.07279678430273968	6.953508979644816
1.6058140072225818e7	6.489984823511219	-0.029149280066816805	-41.91403790693253	-44.080350299874794	10.286994231963623	-0.07014167026023438	7.205693681643886
2.779883726419927e7	6.489984823511219	-0.029149280066816805	-42.9838585183742	-45.159550297166064	10.452250127300978	-0.06974579280016832	7.444025728159534
4.696483276438862e7	6.489984823511219	-0.029149280066816805	-43.95499203667696	-46.129113907384536	10.621937193687796	-0.07113475801097192	7.671772244443467
7.833243305280805e7	6.489984823511219	-0.029149280066816805	-44.863734762023554	-47.0312764142321	10.796352513650064	-0.07340664985761376	7.893941293891898
1.3445741897640222e8	6.489984823511219	-0.029149280066816805	-45.80164068360649	-47.960861168254944	10.985592092366026	-0.07613826646815358	8.128584580921299
2.538160099748016e8	6.489984823511219	-0.029149280066816805	-46.863642092424804	-49.02342524814169	11.217574050003991	-0.07764541032748776	8.404518907052898
5.448578339450046e8	6.489984823511219	-0.029149280066816805	-47.91725768262455	-50.09769523907759	11.54792358303966	-0.07621954377048748	8.736283132318828
1.0577393551466463e9	6.489984823511219	-0.029149280066816805	-48.21262481027846	-50.42044272410641	11.977457365716434	-0.07422440413482356	9.024378622137917
1.5607762437706482e9	6.489984823511219	-0.029149280066816805	-47.713042355086046	-49.93311410988971	12.384282636892044	-0.07461035393904474	9.193340617843484
1.9411555997170384e9	6.489984823511219	-0.029149280066816805	-46.99044898741525	-49.20975926018269	12.714234258096248	-0.07673260391834345	9.288060326329026
2.277568845016409e9	6.489984823511219	-0.029149280066816805	-46.12811162369373	-48.340461631126374	13.032650143721074	-0.07992501556503853	9.357471494044992
2.562059688540603e9	6.489984823511219	-0.029149280066816805	-45.225638487793695	-47.42495746323688	13.328708506144377	-0.08423044492901359	9.408589226081336
2.813211941708065e9	6.489984823511219	-0.029149280066816805	-44.3098876785921	-46.48777139624842	13.609670855136692	-0.09035743716990233	9.449202436562901
3.0555228544694366e9	6.489984823511219	-0.029149280066816805	-43.32235751564086	-45.48932552241523	13.899003916556179	-0.09462713047939465	9.48508552201218
3.296777845884695e9	6.489984823511219	-0.029149280066816805	-42.226159803109375	-44.413127426764646	14.20843050945132	-0.09238011188864421	9.518089669697114
3.5250064384072556e9	6.489984823511219	-0.029149280066816805	-41.12933428172829	-43.34653932353039	14.511219625950513	-0.08800328287210864	9.547159902031717
3.766076570473724e9	6.489984823511219	-0.029149280066816805	-39.91801784611659	-42.150951124555526	14.8397620650812	-0.0867947905064752	9.575889133953995
4.004011679965716e9	6.489984823511219	-0.029149280066816805	-38.663433809379534	-40.88252779469119	15.174565284902132	-0.09162674803707425	9.602495324640888
4.232581538752939e9	6.489984823511219	-0.029149280066816805	-37.39185795114859	-39.59019097042802	15.508958660895232	-0.09823123836870047	9.626605322908695
4.455152703052635e9	6.489984823511219	-0.029149280066816805	-36.053781354822505	-38.24469542004367	15.855481177606752	-0.10215634854130831	9.648862584417438
4.666793435822582e9	6.489984823511219	-0.029149280066816805	-34.681309296153714	-36.875364241164974	16.206310218704704	-0.10366429603890208	9.669018568862578
4.87887127207233e9	6.489984823511219	-0.029149280066816805	-33.16205664234306	-35.34743196071654	16.589440744400513	-0.10825710951387996	9.688319350445328
5.081705044540148e9	6.489984823511219	-0.029149280066816805	-31.564604803556865	-33.718710082749105	16.987753160929195	-0.11913261168065767	9.706009445163717
5.274579800604218e9	6.489984823511219	-0.029149280066816805	-29.929348953954378	-32.06260170412553	17.392171064388023	-0.127967901506196	9.72218785890226
5.461249103476255e9	6.489984823511219	-0.029149280066816805	-28.186576869083535	-30.30502287291287	17.819497644514207	-0.13565926280327956	9.737291978333785
5.6367751401101465e9	6.489984823511219	-0.029149280066816805	-26.29075097280976	-28.38386306433305	18.279675100787795	-0.14752186048306393	9.751030702633111
5.807340295266275e9	6.489984823511219	-0.029149280066816805	-24.15359507999642	-26.216959030312527	18.7940252300901	-0.1624261144359958	9.763977267715642
5.963231206035211e9	6.4899848235112225	-0.029149280066816836	-21.906401088488483	-23.962246708720365	19.331282751841343	-0.1699867430638642	9.775481640702557
6.120743930860401e9	6.48998482351296	-0.02914928006683132	-19.106563794589068	-21.19346755667033	19.995599310434002	-0.16369320927358308	9.786804203391528
6.265260503604933e9	6.489984826050231	-0.02914928008403995	-15.836571216427819	-18.021596747522945	20.76627124316092	-0.1356228889672024	9.79693911835391
6.407878653661614e9	6.489994231011604	-0.02914932278847212	-12.258074129658723	-14.629831131849091	21.60732810425779	-0.0918002923969591	9.806685166656525
6.552205167243175e9	6.5054577373156075	-0.02918462932366211	-9.279077386198026	-11.993893686073609	22.22759675626973	-0.04286237282219248	9.768569360204657
6.702827757822491e9	6.645952242067718	-0.029290814215097136	-8.889561267936099	-12.469999640613398	21.59546278002165	0.005674454820135217	9.350567418929874
6.78150054729007e9	6.857573996718375	-0.0289833681402876	-8.032721372115148	-10.636440278946413	20.706026577625742	0.051567711715417235	8.721322339359926
6.7880976650429535e9	6.999506580677554	-0.028547526992356576	-7.067257726023286	-9.508474382284247	20.18143353148943	0.07306936877624286	8.288862375071943
