# problem=SEAS Benchmark BP1-QD
# code=Thrase
# modeler=B. A. Erickson
# date=2023/01/09
# element size=xx m
# location=on fault, z = 10.0 km
# Lz = 40 km
t slip slip_rate shear_stress state
0.0	0.0	-9.0	26.546122365133364	4.2041199826559215
683.6919677221786	6.625534045385252e-7	-9.027231831482256	26.54612238952264	4.222274551224084
4137.530965516935	3.4767616192659375e-6	-9.149702517517584	26.54612312546927	4.303922102022398
8413.63190849044	6.095923469636424e-6	-9.27506537732098	26.54612502387198	4.387498441654744
13598.60261870523	8.475378529512276e-6	-9.400468040868752	26.546128222049674	4.471102069644313
19885.856060668964	1.063695761227961e-5	-9.525906664290357	26.546132898504908	4.554730526804133
27510.240410100425	1.2600579374999451e-5	-9.651381461572779	26.54613927490689	4.638384084174181
36756.746126847385	1.4384343173240023e-5	-9.776892570903689	26.546147624187157	4.722062991939908
47971.23052153497	1.600469504911405e-5	-9.902440010165675	26.5461582804691	4.805767455512858
61573.45290052211	1.7476580093481277e-5	-10.028023757874324	26.546171651151724	4.889497696487713
78072.88427275486	1.8813578152809388e-5	-10.153643618288445	26.546188231530063	4.973253871182602
98087.93159718464	2.0028029771233735e-5	-10.279299306831089	26.546208622482247	5.057036137828944
122369.27652314327	2.1131149104616598e-5	-10.404990412147983	26.546233551795826	5.140844643626674
151828.2224916203	2.2133126624907147e-5	-10.53071635714236	26.546263899881442	5.2246795136575646
187571.1298781705	2.3043222597644045e-5	-10.656476369655456	26.546300730793014	5.3085408493016635
230941.2623835259	2.3869852280479448e-5	-10.782269489035155	26.54634532969348	5.392428754311462
283569.6074925085	2.46206628251079e-5	-10.908094495834986	26.546399248102084	5.476343314145557
347436.6414511958	2.530260354724513e-5	-11.03394988930861	26.546464358604226	5.5602846126453365
424947.3330875905	2.5921989333835332e-5	-11.159833771330986	26.546542920937092	5.6442526929166625
519022.3727458626	2.6484559073662957e-5	-11.28574387526584	26.54663766194988	5.728247622876613
633208.9370585161	2.6995527900644925e-5	-11.41167741088034	26.546751872131303	5.812269447758499
771815.3738420828	2.7459635217938216e-5	-11.537631002667	26.546889522337278	5.896318216585354
940074.8395168806	2.7881188077010955e-5	-11.663600542717	26.54705540483204	5.980393965756751
1.1443441952166527e6	2.8264100714361092e-5	-11.789581038632624	26.547255303820126	6.064496716405191
1.392345811255015e6	2.861193056977704e-5	-11.915566457340386	26.547496201694294	6.148626489701313
1.693461538474799e6	2.8927911001402844e-5	-12.041549530419953	26.54778652842326	6.232783321483539
2.0590898085834926e6	2.9214980784517256e-5	-12.167521409567161	26.54813646266562	6.316967206929492
2.503080201085271e6	2.9475811371432794e-5	-12.29347144281029	26.548558295810377	6.40117816216797
3.042261452337185e6	2.971283134416491e-5	-12.41938674775589	26.54906687088265	6.485416193928581
3.69708361489272e6	2.992824879764927e-5	-12.545251765367269	26.54968011169827	6.569681308472625
4.492398711648985e6	3.012407164050942e-5	-12.67104768466728	26.550419659576413	6.653973496756026
5.458410472043729e6	3.030212617998177e-5	-12.796751826496843	26.551311638553802	6.73829276670606
6.631828779003512e6	3.0464073899575493e-5	-12.922336807461559	26.552387571332588	6.822639116240592
8.057273693002933e6	3.0611426794928075e-5	-13.047769579127456	26.553685471566073	6.907012525230124
9.788983841371652e6	3.0745561413385484e-5	-13.173010353549978	26.5552511394633	6.991412989415687
1.1892893395074183e7	3.086773154157247e-5	-13.298011239635578	26.557139685347178	7.075840493547074
1.4449159287687268e7	3.097907984929017e-5	-13.422714722992781	26.559417306850538	7.160295027052151
1.7555235268391132e7	3.108064848742902e-5	-13.547051882216323	26.562163340128507	7.244776582666564
2.132961106956406e7	3.117338875935645e-5	-13.67094033395916	26.565472602874447	7.329285143226919
2.5916361054147713e7	3.125816997818824e-5	-13.794281912220832	26.569458046448347	7.4138206702693425
3.149068205126204e7	3.133578764795243e-5	-13.916960148347496	26.574253742882636	7.498383153683017
3.826562839984492e7	3.1406970917883205e-5	-14.038837321213085	26.580018239142774	7.582972587480088
4.6407082076224625e7	3.1471743259839937e-5	-14.15851184481245	26.58686050710657	7.666717682170639
5.5692289591955334e7	3.152832053258616e-5	-14.27060447098877	26.594560494590844	7.745904849051637
6.628178672450459e7	3.1578530048554054e-5	-14.376454318800295	26.603218990902132	7.821485197148002
7.795621830371718e7	3.1622335617018846e-5	-14.473946401447282	26.612625821042688	7.8919270314709085
9.082343788974473e7	3.166121824938304e-5	-14.5645772508841	26.62284036227384	7.958262422945712
1.0524232759093252e8	3.169676585785402e-5	-14.650759703039812	26.63411348811623	8.022245199505742
1.213503151550885e8	3.172948809135741e-5	-14.732754009918153	26.646512041203103	8.084087568335605
1.3924603745380422e8	3.175973296962428e-5	-14.81058034620981	26.660070150649165	8.143822742010373
1.5931566354239672e8	3.1788188988739305e-5	-14.885287969423441	26.67503373228153	8.202292625384255
1.817390467041007e8	3.181505712466569e-5	-14.956776043946174	26.691484821490402	8.25947749807112
2.0688846238935822e8	3.1840701118414905e-5	-15.025431868066066	26.709640592770118	8.315761315841424
2.3517629047522175e8	3.1865401583736324e-5	-15.09145739369685	26.72973629838281	8.371414938315446
2.668569174643091e8	3.188924318376585e-5	-15.154539690338948	26.75188759802962	8.426296718985144
3.0120417334726286e8	3.1911720546548534e-5	-15.212866000985539	26.775539159364996	8.478876582813802
3.3861003178615195e8	3.193322539315209e-5	-15.267068164518296	26.80092824446959	8.529713144536343
3.7810943379342216e8	3.195339361739212e-5	-15.315963460153892	26.827383079828834	8.577628926921673
4.1823945785111696e8	3.1971836539322984e-5	-15.358602911503556	26.85394273862286	8.621434845422995
4.5871846118288976e8	3.198880880609585e-5	-15.395752316322898	26.88045753105579	8.661554752605639
4.9837005296696407e8	3.2004169936777216e-5	-15.427398969853082	26.90620078409972	8.697559392448516
5.39250943443283e8	3.201894860573637e-5	-15.455879805130328	26.93253798517047	8.731797417425081
5.807893018582773e8	3.2033064767206683e-5	-15.481135007421404	26.95911567456118	8.764024277411298
6.234658308438053e8	3.204679042640644e-5	-15.503751821372065	26.986255252212132	8.794817578465063
6.683440455824041e8	3.206052322988776e-5	-15.524379930226244	27.01463690994144	8.825004314153324
7.13935735688946e8	3.2073866917014584e-5	-15.542449377507353	27.043325022748526	8.853662731125175
7.596445971355175e8	3.20867374419488e-5	-15.558004594810232	27.071958759045067	8.88061350755358
8.065409410304374e8	3.209950658439515e-5	-15.571611743659643	27.101220040915628	8.906628957786252
8.550153260258147e8	3.211232444000628e-5	-15.583453670043683	27.13135923728809	8.931975957607023
9.019423893041998e8	3.21244320784263e-5	-15.59299288732881	27.160449510465394	8.95518042928772
9.4670778e8	3.2135758110400584e-5	-15.600500367422159	27.188135420373374	8.97621719988263
